30: 0 10332277 1 1 0 29 
30: 0 3473664 157 1 0 29 
30: 0 11138282 53 1 0 29 
30: 0 10130143 169 1 0 29 
30: 0 10878114 155 1 0 29 
30: 0 16296867 165 1 0 29 
30: 0 16327305 249 1 0 29 
30: 0 14765338 249 1 0 29 
30: 0 16128040 225 1 0 29 
30: 0 9941911 247 1 0 29 
30: 0 1857911 151 1 0 29 
30: 0 1387791 29 1 0 29 
30: 0 15935539 21 1 0 29 
30: 0 4804876 243 1 0 29 
30: 0 7945978 73 1 0 29 
30: 0 2499705 121 1 0 29 
30: 0 7365526 39 1 0 29 
30: 0 7368050 113 1 0 29 
30: 0 3247360 113 1 0 29 
30: 0 13069418 49 1 0 29 
30: 0 8987041 199 1 0 29 
30: 0 873305 137 1 0 29 
30: 0 6501455 13 1 0 29 
30: 0 6340252 99 1 0 29 
30: 0 4618359 97 1 0 29 
30: 0 6798596 71 1 0 29 
30: 0 9547000 103 1 0 29 
30: 0 375129 145 1 0 29 
30: 0 7093933 5 1 0 29 
30: 0 10735230 109 1 0 29 
30: 0 7811043 163 1 0 29 
30: 0 798039 119 1 0 29 
30: 0 4789299 13 1 0 29 
30: 0 12462474 73 1 0 29 
30: 0 9693758 191 1 0 29 
30: 0 13652143 147 1 0 29 
30: 0 4343282 209 1 0 29 
30: 0 11602014 67 1 0 29 
30: 0 14130759 177 1 0 29 
30: 0 2072858 215 1 0 29 
30: 0 1305030 31 1 0 29 
30: 0 828558 19 1 0 29 
30: 0 12430855 13 1 0 29 
30: 0 5149452 189 1 0 29 
30: 0 3144494 79 1 0 29 
30: 0 7744508 47 1 0 29 
30: 0 2467470 119 1 0 29 
30: 0 8770945 37 1 0 29 
30: 0 5221729 133 1 0 29 
30: 0 12413319 79 1 0 29 
30: 0 8650927 189 1 0 29 
30: 0 7667806 133 1 0 29 
30: 0 14365547 117 1 0 29 
30: 0 9010975 219 1 0 29 
30: 0 15102241 137 1 0 29 
30: 0 8292595 231 1 0 29 
30: 0 8056880 127 1 0 29 
30: 0 8663667 123 1 0 29 
